8
39.4784176044
-0.00756335602785 0.000589354277585 0.000223826574809
-0.000345038728932 -0.00325982632038 2.15020661676e-05
6.55395736841e-06
-0.391529373447 -0.176275946578 0.0210197479747
 2.17762837173 -8.88926374886 -0.925768992166
9.66367842012e-05
 0.625905801888 0.35044458838 -0.0315614906341
-3.59541012134 6.43196358286 0.295449009884
0.000120031469564
 0.234530586156 -0.986878412421 0.000219283811884
 6.00059981202 1.46945646829 2.56517293285e-05
1.2740283242e-05
 0.244267662092 1.52657918544 0.026001940356
-4.84891012872 1.26265647633 0.1457332266
0.0376936748704
 4.83386808644 -1.15973068975 -0.103398217896
 0.606008513121 2.80885297442 -0.0251979891863
0.011286326132
 8.33580336222 4.1253879184 -0.40329959054
-1.01116465998 1.82248432083 0.00843764040545
0.00172372405706
 12.8868062061 -15.1105620474 -0.223083752318
 1.08249446859 0.865492103647 -0.0108116205557
-1 1 0 0 0 0 0 0
-1 -1 1 0 0 0 0 0
-1 -1 -1 1 0 0 0 0
-1 -1 -1 -1 1 0 0 0
-1 -1 -1 -1 -1 1 0 0
-1 -1 -1 -1 -1 -1 1 0
-1 -1 -1 -1 -1 -1 -1 1